ZL =      0.150000
Zs =      0.250000
       zserr         amp        alpha        sig
   0.01000000      4.81951      3.90220     0.287861
    0.0200000      4.48141      3.73508     0.521114
    0.0300000      4.14093      3.53604     0.696568
    0.0400000      3.82114      3.33291     0.808651
    0.0500000      3.52179      3.14750     0.877164
    0.0600000      3.24420      2.96362     0.915272
    0.0700000      3.01447      2.84060     0.933542
    0.0800000      2.80206      2.71562     0.923993
    0.0900000      2.63032      2.61636     0.908233
     0.100000      2.48416      2.51178     0.910764

ZL =      0.150000
Zs =      0.289286
       zserr         amp        alpha        sig
   0.01000000      103.414      3.85639      11.0901
    0.0200000      3.98248      3.05869     0.292135
    0.0300000      3.81966      2.97753     0.409230
    0.0400000      3.65920      2.88883     0.505588
    0.0500000      3.51836      2.80001     0.582851
    0.0600000      3.32966      2.70454     0.636169
    0.0700000      3.14775      2.61064     0.668279
    0.0800000      2.98574      2.52239     0.690972
    0.0900000      2.81437      2.44181     0.699156
     0.100000      2.68068      2.37287     0.706746

ZL =      0.150000
Zs =      0.328571
       zserr         amp        alpha        sig
   0.01000000     -93.9216     -3.37693      7.99882
    0.0200000     -20.5522      1.73043      4.10783
    0.0300000      3.51975      2.59622     0.263798
    0.0400000      3.42554      2.55546     0.335144
    0.0500000      3.32822      2.50750     0.394484
    0.0600000      3.23810      2.45522     0.444595
    0.0700000      3.13371      2.39897     0.479794
    0.0800000      2.98760      2.34273     0.509780
    0.0900000      2.87685      2.29097     0.529728
     0.100000      2.75527      2.23658     0.547807

ZL =      0.150000
Zs =      0.367857
       zserr         amp        alpha        sig
   0.01000000     -27.9137     0.214597     0.912959
    0.0200000      3.32112      2.34802     0.122461
    0.0300000      3.27672      2.33050     0.180112
    0.0400000      3.22448      2.30637     0.233726
    0.0500000      3.15495      2.28102     0.278957
    0.0600000      3.09217      2.25144     0.321001
    0.0700000      3.02099      2.21961     0.355958
    0.0800000      2.95711      2.18488     0.384530
    0.0900000      2.90360      2.15423     0.409392
     0.100000      2.76259      2.11080     0.424178
